MEMORY
  total            14.4 MB
  struct          159.0 KB
  buffer          297.3 KB
  arena            14.0 MB, used 0.2%

SIZES
  narena                14680064
  nbuffer               304480
  nplugin               0
  maxuse_stack          4348
  maxuse_arena          31600
  maxuse_con            8
  maxuse_efc            33
  solver_nisland        1
  ncon                  4
  ne                    1
  nf                    0
  nl                    0
  nefc                  17
  nJ                    255
  nA                    0
  nisland               0
  threadpool            0

TIMER
    0:  duration =  0.071      number = 1
    1:  duration =  0.066      number = 1
    2:  duration =  0          number = 0
    3:  duration =  0.045      number = 1
    4:  duration =  0.0061     number = 1
    5:  duration =  0.00098    number = 1
    6:  duration =  0.0098     number = 1
    7:  duration =  0.0039     number = 1
    8:  duration =  0.011      number = 1
    9:  duration =  0.0017     number = 1
    10:  duration =  0.022      number = 1
    11:  duration =  0.0086     number = 1
    12:  duration =  0.00015    number = 1
    13:  duration =  0.0057     number = 1
    14:  duration =  0.0087     number = 1

SOLVER STAT
  solver_nisland = 1
  solver_fwdinv =   0         0       
  ISLAND 0
    solver_niter = 1
    solver_nnz = 225
      0:  improvement =  2.7         gradient =  8.5e-17     lineslope =  0       
          nactive = 17   nchange = 0   neval = 2   nupdate = 0

ENERGY =   0         0       

TIME =  25      

QPOS
  -0.053   
   0.26    
   0.24    
  -1.6     
  -0.024   
   2       
   0.94    
  -0.011   
  -0.011   
   0.71    
   0.13    
   0.4     
   0.68    
  -0.68    
   0.19    
  -0.19    

QVEL
  -0.0042  
  -0.008   
  -0.00037 
  -0.017   
   0.0088  
   0.013   
  -0.0053  
   0.00023 
  -0.00023 
  -3.6e-06 
  -2.8e-06 
  -2e-10   
  -1.6e-06 
  -0.0055  
   4.6e-06 

QACC_WARMSTART
   0.41    
  -0.15    
  -0.58    
  -0.37    
  -2.7     
  -13      
   1.8     
  -0.0066  
   0.0066  
   8.6e-09 
  -5e-09   
   4.2e-12 
   3.3e-08 
   5.8e-05 
  -4.3e-08 

CTRL
   0.17    
  -0.11    
   0.011   
   0.054   
   0.14    
  -0.026   

QFRC_APPLIED
   0       
   0       
   0       
   0       
   0       
   0       
   0       
   0       
   0       
   0       
   0       
   0       
   0       
   0       
   0       

XFRC_APPLIED
   0         0         0         0         0         0       
   0         0         0         0         0         0       
   0         0         0         0         0         0       
   0         0         0         0         0         0       
   0         0         0         0         0         0       
   0         0         0         0         0         0       
   0         0         0         0         0         0       
   0         0         0         0         0         0       
   0         0         0         0         0         0       
   0         0         0         0         0         0       
   0         0         0         0         0         0       
   0         0         0         0         0         0       
   0         0         0         0         0         0       
   0         0         0         0         0         0       

EQ_ACTIVE             1

QACC
   0.41    
  -0.15    
  -0.58    
  -0.37    
  -2.7     
  -13      
   1.8     
  -0.0066  
   0.0066  
   8.6e-09 
  -5e-09   
   4.2e-12 
   3.3e-08 
   5.8e-05 
  -4.3e-08 

XPOS
   0         0         0       
   0         0         0       
   0         0         0.33    
   0         0         0.33    
   0.08     -0.0042    0.64    
   0.16      0.011     0.62    
   0.54      0.082     0.59    
   0.54      0.082     0.59    
   0.63      0.097     0.6     
   0.65      0.1       0.5     
   0.66      0.12      0.44    
   0.66      0.097     0.44    
   0.5       0         0       
   0.71      0.13      0.4     

XQUAT
   1         0         0         0       
   1         0         0         0       
   1         0         0        -0.026   
   0.7      -0.7       0.11      0.071   
   0.99      0.018     0.13      0.091   
   0.46      0.38      0.62     -0.51    
   0.59     -0.063     0.8       0.069   
   0.68      0.72      0.0037    0.12    
  -0.061     0.93     -0.37      0.064   
  -0.032     1         0.015     0.082   
  -0.032     1         0.015     0.082   
  -0.082     0.015    -1        -0.032   
   1         0         0         0       
   0.68     -0.68      0.19     -0.19    

XMAT
   1         0         0         0         1         0         0         0         1       
   1         0         0         0         1         0         0         0         1       
   1         0.053     0        -0.053     1        -0        -0         0         1       
   0.97     -0.25      0.053    -0.051     0.013     1        -0.25     -0.97      1.4e-17 
   0.95     -0.18      0.25      0.18      0.98     -0.013    -0.25      0.059     0.97    
  -0.29      0.94      0.18      0.0054    0.18     -0.98     -0.96     -0.29     -0.059   
  -0.29     -0.18      0.94     -0.018     0.98      0.18     -0.96      0.036    -0.29    
   0.97     -0.16      0.18      0.17     -0.066    -0.98      0.17      0.98     -0.036   
   0.72     -0.67      0.16     -0.69     -0.72      0.066     0.073    -0.16     -0.98    
   0.99      0.034     0.16      0.024    -1         0.066     0.16     -0.062    -0.98    
   0.99      0.034     0.16      0.024    -1         0.066     0.16     -0.062    -0.98    
  -0.99     -0.034     0.16     -0.024     1         0.066    -0.16      0.062    -0.98    
   1         0         0         0         1         0         0         0         1       
   0.86      0.00046   0.51     -0.51      0.0017    0.86     -0.00045  -1         0.0017  

XIPOS
   0         0         0       
  -0.041    -0.00014   0.05    
   0.004     0.0019    0.29    
   0.0044    0.0033    0.36    
   0.082     0.04      0.57    
   0.28      0.003     0.64    
   0.5       0.12      0.61    
   0.6       0.1       0.58    
   0.65      0.097     0.54    
   0.64      0.11      0.47    
   0.66      0.12      0.44    
   0.66      0.097     0.44    
   0.5       0         0.34    
   0.71      0.13      0.4     

XIMAT
   1         0         0         0         1         0         0         0         1       
   0.13      0.0028    0.99      0.019    -1         0.00032   0.99      0.019    -0.13    
   0.065    -1        -0.011     1         0.066    -0.027     0.028    -0.0094    1       
   0.55      0.18      0.81      0.79     -0.42     -0.45      0.26      0.89     -0.37    
  -0.37     -0.81      0.47      0.9      -0.17      0.41     -0.25      0.57      0.79    
   0.56      0.21     -0.8      -0.57     -0.61     -0.56     -0.6       0.77     -0.22    
  -0.35     -0.3       0.89     -0.32      0.93      0.18     -0.88     -0.22     -0.42    
  -0.13      0.066     0.99     -0.99     -0.12     -0.12      0.11     -0.99      0.08    
   0.77     -0.62      0.17     -0.6      -0.79     -0.14      0.23      0.0064   -0.97    
   0.99      0.034     0.16      0.024    -1         0.066     0.16     -0.062    -0.98    
   0.99      0.034     0.16      0.024    -1         0.066     0.16     -0.062    -0.98    
  -0.99     -0.034     0.16     -0.024     1         0.066    -0.16      0.062    -0.98    
   0        -1         0         0         0        -1         1         0         0       
   0.86      0.00046   0.51     -0.51      0.0017    0.86     -0.00045  -1         0.0017  

XANCHOR
   0         0         0.33    
   0         0         0.33    
   0.08     -0.0042    0.64    
   0.16      0.011     0.62    
   0.54      0.082     0.59    
   0.54      0.082     0.59    
   0.63      0.097     0.6     
   0.66      0.11      0.44    
   0.66      0.11      0.44    
   0.71      0.13      0.4     

XAXIS
   0         0         1       
   0.053     1         1.1e-16 
   0.25     -0.013     0.97    
   0.18     -0.98     -0.059   
   0.94      0.18     -0.29    
   0.18     -0.98     -0.036   
   0.16      0.066    -0.98    
   0.034    -1        -0.062   
  -0.034     1         0.062   
   0         0         1       

GEOM_XPOS
   0         0         0       
  -0.024     0.069     0.037   
  -0.025     0.073     0.037   
  -0.024    -0.065     0.063   
  -0.025    -0.073     0.063   
  -0.065    -0.066     0.048   
  -0.06      0.058     0.037   
   0.011    -0.072     0.046   
  -0.03     -3.4e-05   0.053   
  -0.025    -0.073     0.033   
  -0.024    -0.065     0.033   
   0.011     0.072     0.046   
  -0.029    -0.00088   0.057   
  -0.0017   -0.032     0.27    
  -0.0016   -0.031     0.26    
   0.019     0.031     0.4     
   0.019     0.03      0.4     
   0.11      0.028     0.59    
   0.099    -0.011     0.62    
   0.12     -0.0041    0.56    
   0.14      0.088     0.62    
   0.11      0.029     0.59    
   0.22      0.033     0.63    
   0.21     -0.0057    0.65    
   0.18     -0.067     0.62    
   0.18      0.024     0.67    
   0.21     -0.0062    0.64    
   0.5       0.17      0.6     
   0.42      0.16      0.63    
   0.43      0.1       0.62    
   0.34      0.062     0.65    
   0.41      0.14      0.63    
   0.53      0.15      0.59    
   0.57      0.092     0.58    
   0.55      0.029     0.59    
   0.63      0.096     0.67    
   0.61      0.1       0.68    
   0.63      0.094     0.68    
   0.62      0.081     0.68    
   0.61      0.09      0.68    
   0.59      0.087     0.68    
   0.64      0.097     0.68    
   0.55      0.03      0.59    
   0.62      0.092     0.68    
   0.62      0.092     0.68    
   0.61      0.12      0.68    
   0.62      0.067     0.68    
   0.56      0.04      0.59    
   0.62      0.092     0.68    
   0.6       0.083     0.6     
   0.59      0.084     0.6     
   0.64      0.043     0.52    
   0.68      0.046     0.52    
   0.64      0.15      0.52    
   0.64      0.15      0.52    
   0.64      0.16      0.52    
   0.61      0.044     0.51    
   0.64      0.043     0.53    
   0.64      0.1       0.53    
   0.64      0.087     0.52    
   0.65      0.11      0.48    
   0.64      0.2       0.51    
   0.64      0.17      0.52    
   0.65      0.1       0.47    
   0.65      0.1       0.49    
   0.65      0.11      0.47    
   0.65      0.11      0.47    
   0.66      0.1       0.42    
   0.66      0.12      0.4     
   0.66      0.1       0.42    
   0.66      0.1       0.43    
   0.66      0.11      0.44    
   0.66      0.1       0.41    
   0.66      0.11      0.4     
   0.66      0.11      0.42    
   0.66      0.1       0.4     
   0.66      0.11      0.42    
   0.66      0.12      0.43    
   0.66      0.1       0.44    
   0.66      0.12      0.41    
   0.66      0.11      0.39    
   0.5       0         0.35    
   0.85      0.35      0.18    
   0.85     -0.35      0.18    
   0.15      0.35      0.18    
   0.15     -0.35      0.18    
   0.71      0.13      0.4     

GEOM_XMAT
   1         0         0         0         1         0         0         0         1       
  -0.16     -0.63      0.76      0.99     -0.1       0.12      0.0009    0.77      0.64    
  -0.084     0.71      0.7       0.99      0.013     0.11      0.066     0.71     -0.7     
   0.99     -0.0056   -0.17     -0.17      0.0013   -0.99      0.0057    1         0.0004  
   0.28     -0.61      0.74      0.96      0.24     -0.16     -0.085     0.76      0.65    
   0.16     -0.99      0.032     0.99      0.16      0.0071   -0.012     0.03      1       
  -0.16      0.18      0.97      0.99      0.029     0.16      0         0.98     -0.18    
   0.16     -0.98     -0.12      0.99      0.16      0.022    -0.0026   -0.12      0.99    
  -0.42      0.0024    0.91     -0.0015   -1         0.0019    0.91     -0.00057   0.42    
   0.014    -0.99     -0.14     -0.0066    0.14     -0.99      1         0.015    -0.0045  
   0.99     -0.0078   -0.15     -0.15      0.027    -0.99      0.012     1         0.025   
  -0.16     -0.98     -0.12      0.99     -0.16     -0.022     0.0025   -0.12      0.99    
  -0.36      0.0082    0.93      0.022    -1         0.017     0.93      0.027     0.36    
   1         0.049    -0.02     -0.053     0.93     -0.37     -0.00014   0.37      0.93    
   1         0.049    -0.018    -0.052     0.94     -0.34      0.00032   0.34      0.94    
   0.97      0.14      0.21     -0.051     0.92     -0.38     -0.25      0.36      0.9     
   0.97      0.14      0.22     -0.051     0.93     -0.35     -0.25      0.33      0.91    
  -0.56      0.4       0.73      0.03     -0.86      0.5       0.83      0.3       0.47    
   0.34     -0.93      0.12     -0.48     -0.28     -0.83      0.81      0.23     -0.55    
  -0.79     -0.55      0.26      0.57     -0.82     -0.017     0.22      0.13      0.97    
  -0.25     -0.39      0.89      0.97     -0.12      0.22      0.024     0.91      0.4     
  -0.61      0.32      0.73      0.12     -0.86      0.49      0.78      0.39      0.48    
   0.32      0.084    -0.94     -0.7       0.69     -0.18      0.63      0.72      0.28    
   0.27      0.63     -0.73      0.43     -0.76     -0.5      -0.86     -0.18     -0.47    
   0.24     -0.56     -0.79     -0.97     -0.15     -0.19     -0.012     0.81     -0.58    
   0.92      0.28     -0.28     -0.32      0.093    -0.94     -0.24      0.95      0.18    
   0.23      0.63     -0.74      0.45     -0.75     -0.49     -0.86     -0.22     -0.46    
  -0.23      0.29      0.93      0.97      0.023     0.23      0.047     0.96     -0.29    
  -0.31      0.42      0.85      0.93     -0.056     0.36      0.2       0.91     -0.37    
  -0.29     -0.43      0.85     -0.018     0.89      0.45     -0.96      0.11     -0.27    
   0.9       0.15     -0.41     -0.43      0.16     -0.89     -0.072     0.98      0.21    
  -0.41      0.29      0.87      0.91      0.024     0.42      0.1       0.96     -0.27    
  -0.28      0.8       0.53     -0.012     0.55     -0.84     -0.96     -0.24     -0.15    
   0.14     -0.33      0.93     -0.99     -0.036     0.13     -0.01     -0.94     -0.33    
   0.083    -1        -0.043    -1        -0.085     0.05     -0.054     0.038    -1       
   0.062     0.032     1        -0.035    -1         0.034     1        -0.037    -0.061   
   0.97     -0.16      0.18      0.17     -0.066    -0.98      0.17      0.98     -0.036   
  -0.16      0.18      0.97     -0.066    -0.98      0.17      0.98     -0.036     0.17    
   0.97     -0.16      0.18      0.17     -0.066    -0.98      0.17      0.98     -0.036   
  -0.16      0.18      0.97     -0.066    -0.98      0.17      0.98     -0.036     0.17    
   0.97     -0.16      0.18      0.17     -0.066    -0.98      0.17      0.98     -0.036   
   0.97     -0.16      0.18      0.17     -0.066    -0.98      0.17      0.98     -0.036   
   0.083     0.15      0.99     -1         0.065     0.074    -0.053    -0.99      0.16    
   0.052     0.21      0.98     -0.028    -0.98      0.21      1        -0.038    -0.045   
   0.0082   -0.98      0.18     -0.035    -0.18     -0.98      1         0.0017   -0.036   
   0.97     -0.16      0.18      0.17     -0.066    -0.98      0.17      0.98     -0.036   
   0.97     -0.16      0.18      0.17     -0.066    -0.98      0.17      0.98     -0.036   
   0.085     0.17      0.98     -1         0.066     0.074    -0.051    -0.98      0.18    
   0.053     0.16      0.99     -0.027    -0.99      0.16      1        -0.035    -0.048   
   0.41      0.16      0.9      -0.91      0.016     0.42      0.054    -0.99      0.16    
   0.32      0.28      0.91     -0.95      0.099     0.3      -0.0044   -0.95      0.3     
   0.15     -0.083     0.98      0.28      0.96      0.037    -0.95      0.27      0.17    
   0.99      0.17      0.0095   -0.06      0.29      0.95      0.16     -0.94      0.3     
   0.047    -1        -0.036     0.078    -0.032     1        -1        -0.05      0.076   
   0.034    -0.99      0.16     -1        -0.024     0.066    -0.062    -0.16     -0.98    
   0.034    -0.99      0.16     -1        -0.024     0.066    -0.062    -0.16     -0.98    
  -0.98      0.13      0.15     -0.11      0.29     -0.95     -0.17     -0.95     -0.27    
   0.15     -0.079     0.99      0.34      0.94      0.024    -0.93      0.33      0.17    
   0.17      0.67      0.72      0.069     0.72     -0.69     -0.98      0.16      0.074   
   0.16     -0.99     -0.042     0.12     -0.023     0.99     -0.98     -0.16      0.11    
   0.16     -0.99     -0.034     0.066    -0.024     1        -0.98     -0.16      0.062   
   0.99      0.092     0.14      0.026    -0.91      0.42      0.17     -0.41     -0.9     
   0.89      0.46     -0.034     0.0022    0.07      1         0.46     -0.88      0.061   
   0.99      0.16     -0.032     0.024     0.055     1         0.16     -0.99      0.051   
   0.16      0.033     0.99      0.067     1        -0.045    -0.98      0.073     0.16    
   0.99      0.16     -0.039     0.024     0.092     1         0.16     -0.98      0.087   
   0.99      0.16     -0.034     0.024     0.066     1         0.16     -0.98      0.062   
   0.046    -0.99      0.16     -0.99     -0.023     0.14     -0.14     -0.16     -0.98    
   0.034    -0.098     0.99     -1         0.055     0.04     -0.059    -0.99     -0.096   
   0.046    -0.99      0.16     -0.99     -0.023     0.14     -0.14     -0.16     -0.98    
   0.99      0.034     0.16      0.024    -1         0.066     0.16     -0.062    -0.98    
   0.99      0.034     0.16      0.024    -1         0.066     0.16     -0.062    -0.98    
   0.99      0.11      0.13      0.024    -0.85      0.53      0.16     -0.52     -0.84    
   0.99      0.034     0.16      0.024    -1         0.066     0.16     -0.062    -0.98    
  -0.021     0.99      0.16      1         0.023    -0.01     -0.014     0.16     -0.99    
  -0.035     0.41     -0.91      1         0.073    -0.0055    0.064    -0.91     -0.41    
  -0.021     0.99      0.16      1         0.023    -0.01     -0.014     0.16     -0.99    
  -0.99     -0.034     0.16     -0.024     1         0.066    -0.16      0.062    -0.98    
  -0.99     -0.034     0.16     -0.024     1         0.066    -0.16      0.062    -0.98    
  -0.99      0.046     0.16     -0.024     0.91     -0.41     -0.16     -0.41     -0.9     
  -0.99     -0.034     0.16     -0.024     1         0.066    -0.16      0.062    -0.98    
   1         0         0         0         1         0         0         0         1       
   1         0         0         0         1         0         0         0         1       
   1         0         0         0         1         0         0         0         1       
   1         0         0         0         1         0         0         0         1       
   1         0         0         0         1         0         0         0         1       
   0.86      0.00046   0.51     -0.51      0.0017    0.86     -0.00045  -1         0.0017  

SITE_XPOS
   0.5       0         0.4     
   0.6       0.2       0.4     
   0.66      0.11      0.4     
   0.71      0.13      0.4     

SITE_XMAT
   1        -0         0         0        -1         0.0016   -0        -0.0016   -1       
   1         0         0         0         1         0         0         0         1       
   0.99      0.034     0.16      0.024    -1         0.066     0.16     -0.062    -0.98    
   0.86      0.00046   0.51     -0.51      0.0017    0.86     -0.00045  -1         0.0017  

LIGHT_XPOS
   0.076     0.012     1.9     
   0         0         1.5     

LIGHT_XDIR
   0         0        -1       
   0         0        -1       

SUBTREE_COM
   0.39      0.014     0.39    
   0.22      0.035     0.47    
   0.23      0.037     0.49    
   0.32      0.051     0.58    
   0.34      0.054     0.59    
   0.45      0.06      0.6     
   0.59      0.11      0.56    
   0.62      0.1       0.55    
   0.65      0.1       0.5     
   0.64      0.11      0.46    
   0.66      0.12      0.44    
   0.66      0.097     0.44    
   0.5       0         0.34    
   0.71      0.13      0.4     

CDOF
   0         0         1        -0.035     0.22      0       
   0.053     1         1.1e-16   0.14     -0.0075   -0.22    
   0.25     -0.013     0.97     -0.036     0.18      0.012   
   0.18     -0.98     -0.059     0.14      0.022     0.065   
   0.94      0.18     -0.29     -0.034     0.2       0.016   
   0.18     -0.98     -0.036     0.11      0.032    -0.33    
   0.16      0.066    -0.98     -0.069     0.42      0.017   
   0         0         0         0.034    -1        -0.062   
   0         0         0        -0.034     1         0.062   
   0         0         0         1         0         0       
   0         0         0         0         1         0       
   0         0         0         0         0         1       
   0.86     -0.51     -0.00045   0        -5.1e-20   5.6e-17 
   0.00046   0.0017   -1         0        -1.1e-16  -1.9e-19 
   0.51      0.86      0.0017    0         1.9e-19  -9.6e-17 

CINERT
   0         0         0         0         0         0         0         0         0         0       
   0.12      0.16      0.048    -0.0058   -0.07     -0.0095   -0.16     -0.022    -0.27      0.63    
   0.89      1.1       0.25     -0.036    -0.2      -0.013    -1.1      -0.17     -0.94      5       
   0.021     0.063     0.056     0.006    -0.0076   -0.0061   -0.14     -0.021    -0.073     0.65    
   0.062     0.13      0.078    -0.0054    0.028    -0.014    -0.44      0.016     0.31      3.2     
   0.12      0.13      0.045    -0.0034   -0.039     0.019     0.2      -0.12      0.58      3.6     
   0.044     0.15      0.14     -0.03     -0.037    -0.0095    0.35      0.098     0.17      1.2     
   0.029     0.27      0.26     -0.043    -0.07     -0.012     0.64      0.11      0.18      1.7     
   0.018     0.15      0.14     -0.02     -0.02     -0.0042    0.32      0.045     0.05      0.74    
   0.0047    0.13      0.13     -0.022     0.0027    0.00051   0.31      0.051    -0.0066    0.73    
   0.00012   0.0029    0.0029   -0.00054   0.00023   4.3e-05   0.0065    0.0012   -0.00052   0.015   
   7.9e-05   0.0029    0.0029   -0.0004    0.00024   3.4e-05   0.0065    0.00093  -0.00054   0.015   
   1.7       1.7       3.3       0         0         0         0         0         0         28      
   0.00013   0.00013   0.00013  -1.4e-20   2.7e-21  -3.4e-22  -2.4e-17   0         0         0.22    

ACTUATOR_LENGTH
   0.16    
  -0.11    
   0.0016  
   0.063   
   0.16    
  -0.029   

actuator_moment
-----------------
 xxxxxxx         |
 xxxxxx          |
 xxxxxx          |
  xxxxxx         |
 xxxxxxx         |
 xxxxxxx         |
-----------------

ACTUATOR_MOMENT
     0: -0.11       1:  0.065      2: -0.11       3:  0.22       4: -0.027      5:  0.19       6: -1.4e-17 
     0: -0.66       1:  0.0045     2: -0.62       3: -0.0095     4: -0.14       5: -0.03    
     0:  0.0011     1:  0.66       2: -0.036      3: -0.51       4: -0.005      5: -0.12    
     1:  0.053      2:  0.25       3:  0.18       4:  0.94       5:  0.18       6:  0.16    
     0: -0.0016     1: -1          2:  0.012      3:  0.98       4: -0.18       5:  0.98       6: -0.065   
     0: -1          1:  0.0016     2: -0.97       3:  0.058      4:  0.29       5:  0.035      6:  0.98    

CRB
   0         0         0         0         0         0         0         0         0         0       
   1.3       2.3       1.1      -0.16     -0.41     -0.049     1.2e-15   3.1e-17   3.9e-16   17      
   1.2       2.1       1.1      -0.15     -0.34     -0.04      0.16      0.022     0.27      17      
   0.3       1         0.85     -0.12     -0.14     -0.027     1.2       0.19      1.2       12      
   0.28      0.96      0.8      -0.12     -0.13     -0.021     1.4       0.21      1.3       11      
   0.21      0.84      0.72     -0.12     -0.16     -0.0065    1.8       0.19      0.98      8       
   0.096     0.71      0.68     -0.12     -0.12     -0.026     1.6       0.31      0.39      4.4     
   0.052     0.56      0.54     -0.086    -0.087    -0.016     1.3       0.21      0.22      3.2     
   0.023     0.29      0.28     -0.043    -0.017    -0.0036    0.64      0.099     0.043     1.5     
   0.0049    0.14      0.14     -0.023     0.0031    0.00059   0.32      0.054    -0.0077    0.76    
   0.00012   0.0029    0.0029   -0.00054   0.00023   4.3e-05   0.0065    0.0012   -0.00052   0.015   
   7.9e-05   0.0029    0.0029   -0.0004    0.00024   3.4e-05   0.0065    0.00093  -0.00054   0.015   
   1.7       1.7       3.3       0         0         0         0         0         0         28      
   0.00013   0.00013   0.00013  -1.4e-20   2.7e-21  -3.4e-22  -2.4e-17   0         0         0.22    

QM
   2.1     
  -0.21      2.8     
   1.7      -0.3       1.5     
  -0.083    -1.3       0.00083   1.1     
   0.025    -0.022     0.031     0.022     0.13    
  -0.0029   -0.16      0.0063    0.16     -0.00014   0.15    
  -0.0064    0.0016   -0.0059   -0.0017    0.0034   -0.0015    0.11    
  -0.0099    0.00074  -0.0092   -0.0004   -0.0016   -0.00037  -1.7e-18   0.11    
   0.0099   -0.00074   0.0092    0.0004    0.0016    0.00037   0                   0.12    
                                                                                             0.22    
                                                                                             0         0.22    
                                                                                             0         0         0.22    
                                                                                             0         0         0         0.0011  
                                                                                             0         0         0         0         0.0011  
                                                                                             0         0         0         0         0         0.0011  

QLD
     0:  0.29    
     0:  0.015      1:  1.2     
     0:  1.1        1: -0.19       2:  1.5     
     0: -0.089      1: -1.2        2: -0.011      3:  0.95    
     0:  0.19       1: -0.17       2:  0.24       3:  0.17       4:  0.13    
     0: -0.02       1: -1          2:  0.04       3:  1          4: -0.00069    5:  0.15    
     0: -0.06       1:  0.015      2: -0.055      3: -0.016      4:  0.032      5: -0.014      6:  0.11    
     0: -0.086      1:  0.0064     2: -0.08       3: -0.0035     4: -0.014      5: -0.0032     6: -1.5e-17    7:  0.11    
     0:  0.086      1: -0.0064     2:  0.08       3:  0.0035     4:  0.014      5:  0.0032     6:  0          8:  0.12    
     9:  0.22    
    10:  0.22    
    11:  0.22    
    12:  0.0011  
    13:  0.0011  
    14:  0.0011  

QLDIAGINV
   3.4     
   0.82    
   0.65    
   1.1     
   7.6     
   6.5     
   9.4     
   8.7     
   8.7     
   4.6     
   4.6     
   4.6     
   8.9e+02 
   8.9e+02 
   8.9e+02 

B: body-dof matrix
-----------------
 xxxxxxxxxxxxxxx |
 xxxxxxxxx       |
 xxxxxxxxx       |
 xxxxxxxxx       |
 xxxxxxxxx       |
 xxxxxxxxx       |
 xxxxxxxxx       |
 xxxxxxxxx       |
 xxxxxxxxx       |
 xxxxxxxxx       |
 xxxxxxxx        |
 xxxxxxx x       |
                 |
          xxxxxx |
-----------------

B_rownnz              15 9 9 9 9 9 9 9 9 9 8 8 0 6

B_rowadr              0 15 24 33 42 51 60 69 78 87 96 104 112 112

B_colind              0 1 2 3 4 5 6 7 8 9 10 11 12 13 14 0 1 2 3 4 5 6 7 8 0 1 2 3 4 5 6 7 8 0 1 2 3 4 5 6 7 8 0 1 2 3 4 5 6 7 8 0 1 2 3 4 5 6 7 8 0 1 2 3 4 5 6 7 8 0 1 2 3 4 5 6 7 8 0 1 2 3 4 5 6 7 8 0 1 2 3 4 5 6 7 8 0 1 2 3 4 5 6 7 0 1 2 3 4 5 6 8 9 10 11 12 13 14

C: reduced dof-dof matrix
-----------------
 x               |
 xx              |
 xxx             |
 xxxx            |
 xxxxx           |
 xxxxxx          |
 xxxxxxx         |
 xxxxxxxx        |
 xxxxxxx x       |
          x      |
           x     |
            x    |
             x   |
              x  |
               x |
-----------------

C_rownnz              1 2 3 4 5 6 7 8 8 1 1 1 1 1 1

C_rowadr              0 1 3 6 10 15 21 28 36 44 45 46 47 48 49

C_colind              0 0 1 0 1 2 0 1 2 3 0 1 2 3 4 0 1 2 3 4 5 0 1 2 3 4 5 6 0 1 2 3 4 5 6 7 0 1 2 3 4 5 6 8 9 10 11 12 13 14

mapM2C                0 2 1 5 4 3 9 8 7 6 14 13 12 11 10 20 19 18 17 16 15 27 26 25 24 23 22 21 35 34 33 32 31 30 29 28 43 42 41 40 39 38 37 36 44 45 47 50 54 59

D: dof-dof matrix
-----------------
 Dxxxxxxxx       |
 xDxxxxxxx       |
 xxDxxxxxx       |
 xxxDxxxxx       |
 xxxxDxxxx       |
 xxxxxDxxx       |
 xxxxxxDxx       |
 xxxxxxxD        |
 xxxxxxx D       |
          Dxxxxx |
          xDxxxx |
          xxDxxx |
          xxxDxx |
          xxxxDx |
          xxxxxD |
-----------------

D_rownnz              9 9 9 9 9 9 9 8 8 6 6 6 6 6 6

D_rowadr              0 9 18 27 36 45 54 63 71 79 85 91 97 103 109

D_colind              0 1 2 3 4 5 6 7 8 0 1 2 3 4 5 6 7 8 0 1 2 3 4 5 6 7 8 0 1 2 3 4 5 6 7 8 0 1 2 3 4 5 6 7 8 0 1 2 3 4 5 6 7 8 0 1 2 3 4 5 6 7 8 0 1 2 3 4 5 6 7 0 1 2 3 4 5 6 8 9 10 11 12 13 14 9 10 11 12 13 14 9 10 11 12 13 14 9 10 11 12 13 14 9 10 11 12 13 14 9 10 11 12 13 14

mapM2D                0 2 5 9 14 20 27 35 43 2 1 4 8 13 19 26 34 42 5 4 3 7 12 18 25 33 41 9 8 7 6 11 17 24 32 40 14 13 12 11 10 16 23 31 39 20 19 18 17 16 15 22 30 38 27 26 25 24 23 22 21 29 37 35 34 33 32 31 30 29 28 43 42 41 40 39 38 37 36 44 46 49 53 58 64 46 45 48 52 57 63 49 48 47 51 56 62 53 52 51 50 55 61 58 57 56 55 54 60 64 63 62 61 60 59

mapD2M                0 10 9 20 19 18 30 29 28 27 40 39 38 37 36 50 49 48 47 46 45 60 59 58 57 56 55 54 70 69 68 67 66 65 64 63 78 77 76 75 74 73 72 71 79 86 85 93 92 91 100 99 98 97 107 106 105 104 103 114 113 112 111 110 109

QDERIV
     0: -1.5e+02    1:  2.9        2: -1.4e+02    3:  6.5        4: -25         5:  0.72       6:  14         7:  0          8:  0       
     0:  2.9        1: -1.5e+02    2:  10         3:  1.1e+02    4: -1.6        5:  34         6: -1.1        7:  0          8:  0       
     0: -1.4e+02    1:  10         2: -1.4e+02    3: -0.092      4: -27         5: -1.3        6:  13         7:  0          8:  0       
     0:  6.5        1:  1.1e+02    2: -0.092      3: -1.1e+02    4:  0.59       5: -45         6: -0.31       7:  0          8:  0       
     0: -25         1: -1.6        2: -27         3:  0.59       4: -23         5: -4.7e-15    6: -6.3        7:  0          8:  0       
     0:  0.72       1:  34         2: -1.3        3: -45         4: -5.1e-15    5: -31         6:  1.9e-14    7:  0          8:  0       
     0:  14         1: -1.1        2:  13         3: -0.31       4: -6.3        5:  1.9e-14    6: -16         7:  0          8:  0       
     0:  0          1:  0          2:  0          3:  0          4:  0          5:  0          6:  0          7: -2       
     0:  0          1:  0          2:  0          3:  0          4:  0          5:  0          6:  0          8: -2       
     9: -0.001     10:  0         11:  0         12:  0         13:  0         14:  0       
     9:  0         10: -0.001     11:  0         12:  0         13:  0         14:  0       
     9:  0         10:  0         11: -0.001     12:  0         13:  0         14:  0       
     9:  0         10:  0         11:  0         12: -0.001     13:  0         14:  0       
     9:  0         10:  0         11:  0         12:  0         13: -0.001     14:  0       
     9:  0         10:  0         11:  0         12:  0         13:  0         14: -0.001   

QLU
     0:  0          1:  0          2:  0          3:  0          4:  0          5:  0          6:  0          7:  0          8:  0       
     0:  0          1:  0          2:  0          3:  0          4:  0          5:  0          6:  0          7:  0          8:  0       
     0:  0          1:  0          2:  0          3:  0          4:  0          5:  0          6:  0          7:  0          8:  0       
     0:  0          1:  0          2:  0          3:  0          4:  0          5:  0          6:  0          7:  0          8:  0       
     0:  0          1:  0          2:  0          3:  0          4:  0          5:  0          6:  0          7:  0          8:  0       
     0:  0          1:  0          2:  0          3:  0          4:  0          5:  0          6:  0          7:  0          8:  0       
     0:  0          1:  0          2:  0          3:  0          4:  0          5:  0          6:  0          7:  0          8:  0       
     0:  0          1:  0          2:  0          3:  0          4:  0          5:  0          6:  0          7:  0       
     0:  0          1:  0          2:  0          3:  0          4:  0          5:  0          6:  0          8:  0       
     9:  0         10:  0         11:  0         12:  0         13:  0         14:  0       
     9:  0         10:  0         11:  0         12:  0         13:  0         14:  0       
     9:  0         10:  0         11:  0         12:  0         13:  0         14:  0       
     9:  0         10:  0         11:  0         12:  0         13:  0         14:  0       
     9:  0         10:  0         11:  0         12:  0         13:  0         14:  0       
     9:  0         10:  0         11:  0         12:  0         13:  0         14:  0       

CONTACT
  0:
     dim           3
     geoms         table_top : box_geom
     exclude       0
     efc_address   1
     solref         0.02      1       
     solimp         0.9       0.95      0.001     0.5       2       
     dist          -0.00014 
     includemargin  0       
     pos            0.73      0.085     0.37    
     frame          0         0         1         0         1         0        -1         0         0       
     friction       1         1         0.005     0.0001    0.0001  
     mu             1       
  1:
     dim           3
     geoms         table_top : box_geom
     exclude       0
     efc_address   5
     solref         0.02      1       
     solimp         0.9       0.95      0.001     0.5       2       
     dist          -0.00013 
     includemargin  0       
     pos            0.67      0.11      0.37    
     frame          0         0         1         0         1         0        -1         0         0       
     friction       1         1         0.005     0.0001    0.0001  
     mu             1       
  2:
     dim           3
     geoms         table_top : box_geom
     exclude       0
     efc_address   9
     solref         0.02      1       
     solimp         0.9       0.95      0.001     0.5       2       
     dist          -8.9e-05 
     includemargin  0       
     pos            0.76      0.14      0.37    
     frame          0         0         1         0         1         0        -1         0         0       
     friction       1         1         0.005     0.0001    0.0001  
     mu             1       
  3:
     dim           3
     geoms         table_top : box_geom
     exclude       0
     efc_address   13
     solref         0.02      1       
     solimp         0.9       0.95      0.001     0.5       2       
     dist          -7.5e-05 
     includemargin  0       
     pos            0.7       0.17      0.37    
     frame          0         0         1         0         1         0        -1         0         0       
     friction       1         1         0.005     0.0001    0.0001  
     mu             1       

EFC_TYPE
  0
  6
  6
  6
  6
  6
  6
  6
  6
  6
  6
  6
  6
  6
  6
  6
  6

EFC_ID
  0
  0
  0
  0
  0
  1
  1
  1
  1
  2
  2
  2
  2
  3
  3
  3
  3

EFC_J
   0         0         0         0         0         0         0         1        -1         0         0         0         0         0         0       
   0         0         0         0         0         0         0         0         0         0         1         1        -0.0041   -0.011    -0.015   
   0         0         0         0         0         0         0         0         0         0        -1         1        -0.056     0.011    -0.045   
   0         0         0         0         0         0         0         0         0        -1         0         1        -0.045     0.041    -0.0042  
   0         0         0         0         0         0         0         0         0         1         0         1        -0.015    -0.041    -0.056   
   0         0         0         0         0         0         0         0         0         0         1         1        -0.0041    0.041     0.045   
   0         0         0         0         0         0         0         0         0         0        -1         1        -0.056    -0.041     0.015   
   0         0         0         0         0         0         0         0         0        -1         0         1        -0.045     0.011     0.056   
   0         0         0         0         0         0         0         0         0         1         0         1        -0.015    -0.011     0.0042  
   0         0         0         0         0         0         0         0         0         0         1         1         0.056    -0.041    -0.015   
   0         0         0         0         0         0         0         0         0         0        -1         1         0.0043    0.041    -0.045   
   0         0         0         0         0         0         0         0         0        -1         0         1         0.015    -0.011    -0.0042  
   0         0         0         0         0         0         0         0         0         1         0         1         0.045     0.011    -0.056   
   0         0         0         0         0         0         0         0         0         0         1         1         0.056     0.011     0.045   
   0         0         0         0         0         0         0         0         0         0        -1         1         0.0043   -0.011     0.015   
   0         0         0         0         0         0         0         0         0        -1         0         1         0.015    -0.041     0.056   
   0         0         0         0         0         0         0         0         0         1         0         1         0.045     0.041     0.0042  

EFC_POS
  -4.1e-07 
  -0.00014 
  -0.00014 
  -0.00014 
  -0.00014 
  -0.00013 
  -0.00013 
  -0.00013 
  -0.00013 
  -8.9e-05 
  -8.9e-05 
  -8.9e-05 
  -8.9e-05 
  -7.5e-05 
  -7.5e-05 
  -7.5e-05 
  -7.5e-05 

EFC_MARGIN
   0       
   0       
   0       
   0       
   0       
   0       
   0       
   0       
   0       
   0       
   0       
   0       
   0       
   0       
   0       
   0       
   0       

EFC_FRICTIONLOSS
   0       
   0       
   0       
   0       
   0       
   0       
   0       
   0       
   0       
   0       
   0       
   0       
   0       
   0       
   0       
   0       
   0       

EFC_DIAGAPPROX
   17      
   18      
   18      
   18      
   18      
   18      
   18      
   18      
   18      
   18      
   18      
   18      
   18      
   18      
   18      
   18      
   18      

EFC_KBIP
   1e+04     2e+02     0.95     -0.066   
   2.8e+03   1.1e+02   0.9      -28      
   2.8e+03   1.1e+02   0.9      -28      
   2.8e+03   1.1e+02   0.9      -28      
   2.8e+03   1.1e+02   0.9      -28      
   2.8e+03   1.1e+02   0.9      -25      
   2.8e+03   1.1e+02   0.9      -25      
   2.8e+03   1.1e+02   0.9      -25      
   2.8e+03   1.1e+02   0.9      -25      
   2.8e+03   1.1e+02   0.9      -18      
   2.8e+03   1.1e+02   0.9      -18      
   2.8e+03   1.1e+02   0.9      -18      
   2.8e+03   1.1e+02   0.9      -18      
   2.8e+03   1.1e+02   0.9      -15      
   2.8e+03   1.1e+02   0.9      -15      
   2.8e+03   1.1e+02   0.9      -15      
   2.8e+03   1.1e+02   0.9      -15      

EFC_D
   1.1     
   0.5     
   0.5     
   0.5     
   0.5     
   0.5     
   0.5     
   0.5     
   0.5     
   0.49    
   0.49    
   0.49    
   0.49    
   0.49    
   0.49    
   0.49    
   0.49    

EFC_R
   0.92    
   2       
   2       
   2       
   2       
   2       
   2       
   2       
   2       
   2       
   2       
   2       
   2       
   2       
   2       
   2       
   2       

ACTUATOR_VELOCITY
   0.0042  
  -0.00052 
  -0.0022  
   0.02    
   0.035   
  -0.0014  

CVEL
   0         0         0         0         0         0       
   0         0         0         0         0         0       
   0         0        -0.006     0.00021  -0.0013    0       
  -0.00048  -0.0091   -0.006    -0.0011   -0.0013    0.002   
  -0.0002   -0.0091   -0.0049   -0.0011   -0.0011    0.002   
  -0.0035    0.0095   -0.0038   -0.0038   -0.0015    0.00077 
   0.013     0.013    -0.0088   -0.0044    0.002     0.0011  
   0.022    -0.034    -0.011     0.00078   0.0035   -0.015   
   0.02     -0.035     0.0013    0.0016   -0.0016   -0.015   
   0.02     -0.035     0.0013    0.0016   -0.0016   -0.015   
   0.02     -0.035     0.0013    0.0016   -0.0016   -0.015   
   0.02     -0.035     0.0013    0.0016   -0.0016   -0.015   
   0         0         0         0         0         0       
  -1.6e-06  -4.6e-06   0.0055   -3.6e-06  -2.8e-06  -2e-10   

CDOF_DOT
   0         0         0         0         0         0       
   0.006    -0.00032   0        -4.5e-05  -0.00085   0.00028 
  -0.0089   -0.001     0.0023   -0.00023   0.0018   -8.3e-05 
  -0.0043   -0.00088   0.0018    0.0015   -0.00041   0.0026  
  -0.002    -0.0046   -0.0096    0.0012   -0.00019   0.0003  
  -0.0091   -0.0011   -0.015    -0.0029    0.0033    0.003   
   0.034     0.02      0.007     0.0014   -0.0012    0.0063  
  -0         0         0         0.0035    0.0013   -0.018   
  -0         0         0        -0.0035   -0.0013    0.018   
   0         0         0         0         0         0       
   0         0         0         0         0         0       
   0         0         0         0         0         0       
   0         0        -0         1.2e-09  -1.8e-09   4.2e-06 
  -0         0         0         2.8e-06  -3.6e-06  -4.8e-09 
   0         0         0        -4.5e-09   6e-09    -1.7e-06 

QFRC_BIAS
  -0.00028 
  -37      
   2       
   23      
   0.62    
   2.5     
  -0.0055  
  -0.0091  
   0.0091  
   0       
   0       
   2.1     
  -3.3e-26 
   3.2e-28 
   7.7e-26 

QFRC_SPRING
   0       
   0       
   0       
   0       
   0       
   0       
   0       
   0       
   0       
  -0.0011  
  -0.0013  
   2.1e-06 
   0.015   
  -0.0042  
   0.0042  

QFRC_DAMPER
   0.012   
   0.018   
  -0.0022  
   0.038   
  -0.035   
  -0.095   
   0.024   
  -4e-05   
   4e-05   
   3.6e-09 
   2.8e-09 
   2e-13   
   1.6e-09 
   5.5e-06 
  -4.6e-09 

QFRC_GRAVCOMP
   0       
  -37      
   2       
   23      
   0.62    
   2.5     
  -0.0055  
  -0.0091  
   0.0091  
   0       
   0       
   0       
   0       
   0       
   0       

QFRC_FLUID
   0       
   0       
   0       
   0       
   0       
   0       
   0       
   0       
   0       
   0       
   0       
   0       
   0       
   0       
   0       

QFRC_PASSIVE
   0.012   
   0.018   
  -0.0022  
   0.038   
  -0.035   
  -0.095   
   0.024   
  -4e-05   
   4e-05   
  -0.0011  
  -0.0013  
   2.1e-06 
   0.015   
  -0.0041  
   0.0042  

EFC_VEL
   4e-05   
   5.7e-05 
  -5.6e-05 
  -0.00022 
   0.00022 
  -0.00023 
   0.00023 
  -5.6e-05 
   5.5e-05 
   0.00022 
  -0.00022 
   6.3e-05 
  -6.3e-05 
  -6.2e-05 
   6.2e-05 
   0.00023 
  -0.00023 

EFC_AREF
  -0.0041  
   0.34    
   0.35    
   0.37    
   0.32    
   0.34    
   0.29    
   0.32    
   0.31    
   0.2     
   0.24    
   0.21    
   0.23    
   0.19    
   0.18    
   0.16    
   0.21    

SUBTREE_LINVEL
   0         0         0       
   0         0         0       
   0         0         0       
   0         0         0       
   0         0         0       
   0         0         0       
   0         0         0       
   0         0         0       
   0         0         0       
   0         0         0       
   0         0         0       
   0         0         0       
   0         0         0       
   0         0         0       

SUBTREE_ANGMOM
   0         0         0       
   0         0         0       
   0         0         0       
   0         0         0       
   0         0         0       
   0         0         0       
   0         0         0       
   0         0         0       
   0         0         0       
   0         0         0       
   0         0         0       
   0         0         0       
   0         0         0       
   0         0         0       

ACTUATOR_FORCE
  -0.73    
  -0.011   
   1.2     
  -0.73    
  -1.6     
   0.19    

QFRC_ACTUATOR
  -0.1     
  -35      
   1.7     
   21      
   0.29    
   0.58    
   0.17    
  -0.0091  
   0.0091  
   0       
   0       
   0       
   0       
   0       
   0       

QFRC_SMOOTH
  -0.091   
   2.3     
  -0.35    
  -2.4     
  -0.36    
  -2       
   0.2     
  -4.4e-05 
   4.4e-05 
  -0.0011  
  -0.0013  
  -2.1     
   0.015   
  -0.0041  
   0.0042  

QACC_SMOOTH
   0.41    
  -0.15    
  -0.59    
  -0.37    
  -2.7     
  -13      
   1.8     
  -0.093   
   0.093   
  -0.0053  
  -0.0058  
  -9.8     
   14      
  -3.7     
   3.7     

EFC_B
  -0.18    
  -10      
  -11      
  -11      
  -10      
  -10      
  -11      
  -11      
  -10      
  -9.1     
  -10      
  -9.7     
  -9.6     
  -9.1     
  -9.8     
  -9.4     
  -9.5     

EFC_FORCE
   0.0099  
   0.17    
   0.18    
   0.19    
   0.16    
   0.17    
   0.14    
   0.16    
   0.15    
   0.097   
   0.12    
   0.11    
   0.11    
   0.095   
   0.089   
   0.08    
   0.1     

EFC_STATE
  1
  1
  1
  1
  1
  1
  1
  1
  1
  1
  1
  1
  1
  1
  1
  1
  1

QFRC_CONSTRAINT
   0       
   0       
   0       
   0       
   0       
   0       
   0       
   0.0099  
  -0.0099  
   0.0011  
   0.0013  
   2.1     
  -0.015   
   0.0041  
  -0.0042  

QFRC_INVERSE
   0       
   0       
   0       
   0       
   0       
   0       
   0       
   0       
   0       
   0       
   0       
   0       
   0       
   0       
   0       

CACC
   0         0         0         0         0         0       
   0         0         0         0         0         0       
   0         0         0         0         0         0       
   0         0         0         0         0         0       
   0         0         0         0         0         0       
   0         0         0         0         0         0       
   0         0         0         0         0         0       
   0         0         0         0         0         0       
   0         0         0         0         0         0       
   0         0         0         0         0         0       
   0         0         0         0         0         0       
   0         0         0         0         0         0       
   0         0         0         0         0         0       
   0         0         0         0         0         0       

CFRC_INT
   0         0         0         0         0         0       
   0         0         0         0         0         0       
   0         0         0         0         0         0       
   0         0         0         0         0         0       
   0         0         0         0         0         0       
   0         0         0         0         0         0       
   0         0         0         0         0         0       
   0         0         0         0         0         0       
   0         0         0         0         0         0       
   0         0         0         0         0         0       
   0         0         0         0         0         0       
   0         0         0         0         0         0       
   0         0         0         0         0         0       
   0         0         0         0         0         0       

CFRC_EXT
   0         0         0         0         0         0       
   0         0         0         0         0         0       
   0         0         0         0         0         0       
   0         0         0         0         0         0       
   0         0         0         0         0         0       
   0         0         0         0         0         0       
   0         0         0         0         0         0       
   0         0         0         0         0         0       
   0         0         0         0         0         0       
   0         0         0         0         0         0       
   0         0         0         0         0         0       
   0         0         0         0         0         0       
   0         0         0         0         0         0       
   0         0         0         0         0         0       

